Trained on 0 examples | 60000 Remaining 
Trained on 0 examples | 60000 Remaining 
Trained on 0 examples | 60000 Remaining 
Trained on 0 examples | 60000 Remaining 
Trained on 0 examples | 60000 Remaining 
Trained on 0 examples | 60000 Remaining 



##################AFTER####################


def layer
neurons 784

end layer

def layer
neurons 5

neuron 0 bias 1.69724e-11
neuron 0 weights 0.00720004 0.0292134 -0.0345958 0.0469365 -0.00595289 0.0379565 -0.00414921 0.0466883 -0.0158135 0.0378112 -0.0108199 0.00343578 -0.0393891 -0.0366624 0.0443203 0.0348506 -0.0248469 -0.0163644 0.0166851 0.0361084 -0.0194506 -0.0322462 -0.0372561 -0.0327554 -0.0247524 0.0266404 -0.0450378 0.0354239 -0.0447813 0.0303796 -0.0354123 -0.0253345 0.0493602 0.0444456 -0.0125965 0.0439304 -0.00587509 0.0151257 -0.00320632 0.0440922 -0.0470634 -0.0290852 0.0470389 -0.0471541 0.00789461 0.0265557 0.00493804 0.0474691 0.0386471 0.00963955 0.0368785 0.0121665 0.00690159 -0.00547817 0.0100404 -0.00445569 -0.0288355 -0.0480087 -0.0136505 -0.0465201 -0.0428933 0.0397234 -0.027143 -0.0273513 0.00438518 -0.00563574 -0.0179456 -0.00118658 -0.0479997 -0.00331587 0.00875939 -0.0215206 0.0197595 0.0342962 0.0484435 -0.0106755 -0.0309219 0.0176159 -0.0259568 0.0284719 -0.0102043 -0.0134389 -0.0040623 -0.0237973 -0.0245502 0.0296974 0.0321882 -0.038474 -0.0397183 -0.0257413 -0.0131284 -0.0295384 0.0323706 0.0405981 -0.00430983 -0.027701 0.000400656 0.00687 0.00388247 0.00315509 -0.0149016 -0.0268907 0.0371457 -0.00962261 -0.0177865 0.00391978 0.0209979 0.00210083 -0.0365126 -0.0157382 0.00841388 0.0137358 0.00142728 0.00197323 -0.0037888 0.030325 -0.00383648 -0.0169827 0.0268973 0.0326792 0.0369532 0.0268753 0.0322775 -0.0410935 -0.0161951 0.034656 -0.00132786 -0.0150554 0.0239788 -0.0294341 0.00254935 -0.0168834 -0.0208359 -0.00805426 0.0175156 0.0410327 -0.0141505 0.000606205 -0.031869 0.0439462 -0.0304075 0.0414455 0.0130723 0.0279316 0.00854572 -0.00117585 -0.0477655 -0.0082901 0.013973 -0.0430718 0.00441865 -0.0244468 0.000232361 -0.00577251 -0.0149229 0.018623 -0.0290718 0.0229963 0.0328034 0.00214314 0.0290975 0.0318516 0.0106148 -0.0235949 -0.0469608 0.0273179 0.0311719 -0.045262 0.00918235 -0.00887952 -0.0154972 0.0303943 -0.0488294 0.0416142 0.00552593 -0.0327336 0.0409744 -0.010585 0.0318998 -0.0153753 0.0355102 0.0108952 0.0412654 -0.0140305 0.0175563 -0.00190869 0.0224413 -0.0290166 -0.0336464 -0.0320655 -0.0226098 0.0243534 0.0440207 0.0379257 -0.0300213 -0.0133486 -0.0209154 0.0468914 0.0400124 0.000719132 0.0384694 -0.0072965 -0.00783993 0.0151738 0.0365778 0.0295301 -0.0383538 0.000621262 0.0211967 -0.0133622 0.0248949 -0.0385084 -0.0372 -0.0277367 0.00502421 0.00123184 -0.0231969 0.0323248 -0.0250057 -0.00623679 -0.00759992 0.0225333 -0.0436465 -0.0229382 -0.0229352 0.0105536 0.0108278 0.0115017 0.00585024 -0.0203596 0.00325163 0.0208342 0.00124844 0.00463014 0.0208716 -0.0316315 0.011059 -0.0463192 -0.0229541 0.00119479 0.0371859 -0.00226573 0.0392665 0.0296546 0.00584611 0.000566005 -0.00674802 0.0373808 0.0393495 0.0136517 0.00335319 -0.0439483 0.0144606 -0.0269151 -0.0360208 0.0195995 0.0334386 0.0415884 -0.0216671 0.018346 0.0476 -0.0061452 -0.018859 0.03252 0.0387093 0.0275751 0.0379107 -0.0423314 -0.0225503 0.0346675 -0.0202369 0.0246474 0.0161035 0.0255675 0.0486341 0.0227458 0.0409604 -0.0339201 0.0250554 -0.00552289 -0.017266 -0.0275583 -0.0495142 0.0289529 -0.0372715 -0.00475354 -0.00972698 0.0476144 -0.0472896 0.0143875 0.0208347 0.017031 0.0110015 -0.0328765 -0.00141344 -0.0336582 -0.0369453 -0.0188561 -0.0131601 -0.00238737 0.00673628 0.0252646 0.0243713 0.0241835 -0.0132205 0.0467663 0.0286651 0.0182039 0.0342764 0.0364176 -0.0314308 0.0380366 0.00788247 -0.0375446 -0.00871663 0.0463184 0.00316951 -0.0184178 0.0477534 -0.000157576 -0.00888601 -0.00586478 0.00257317 -0.00946035 -0.00356969 0.0390833 0.00165995 -0.0203143 -0.0230949 0.0230575 0.0202133 -0.0287737 -0.0077519 -0.00649203 -0.0410167 -0.0463509 0.0453533 0.00628948 -0.0427244 0.0165066 0.00285043 -0.0184446 -0.0394618 -0.00908322 0.0153327 -0.0210781 0.00260294 0.0421602 -0.0279646 -0.0177461 -0.00947724 0.0180406 0.0374507 -0.0147812 -0.0166371 -0.0125103 -0.0113774 0.0150697 0.0453552 0.017717 -0.0454937 0.011942 0.0148441 -0.0479267 -0.038062 0.0222775 0.0487917 0.0224669 -0.0090311 0.00765457 -0.0088304 0.0188548 -0.0434952 0.0313895 0.0224882 0.0284118 0.0483437 0.00570853 -0.00375351 -0.0366677 0.0434022 0.0250793 -0.0144053 0.0233896 0.0285101 0.0487296 -0.044436 -0.0487728 0.0262004 0.0160001 0.0104562 0.00397305 0.0390835 -0.0419743 0.00723274 -0.00090331 0.0271835 -0.00392081 0.0393769 0.0280434 -0.021709 0.00538157 0.0063269 0.00679773 0.0299924 -0.0334481 -0.0424079 -0.021747 0.0316648 -0.0450593 -0.0226624 -0.0102994 -0.0214423 0.0143763 0.015384 -0.0215255 -0.0324481 0.0266266 0.00274607 0.0320827 -0.0100447 0.0193511 0.0471653 0.0418754 7.65188e-05 0.023254 -0.0407961 0.0102925 -0.0371031 -0.0449854 -0.0402123 -0.0161809 -0.0213305 -0.00970494 -0.00850033 -0.0436483 -0.00114562 0.0344153 -0.0181606 0.0459761 0.0449805 0.0257611 0.0269508 0.0164576 -0.00765901 -0.0475913 0.00191955 0.0168596 0.0312693 -0.01704 -0.0280931 0.0373326 -0.0138672 -0.0167672 0.0434789 -0.00790148 0.0286089 0.00346867 0.0121563 0.00891154 0.0152342 0.0226752 0.0347005 0.00340698 0.00981845 -0.0472246 -0.0424663 0.00796557 -0.0298126 0.029822 -0.0486087 -0.0152729 -0.0411271 0.0212427 0.0242634 -0.0333725 -0.00475628 -0.0218932 -0.0363299 0.00679359 -0.0476485 -0.025882 -0.02648 -0.0425481 -0.0335827 -0.0425869 -0.0456365 0.0341828 0.0352088 -0.0271552 -0.0013953 -0.0248858 0.0161722 0.0105936 0.0481503 -0.0271525 0.0163831 0.00318238 -0.0260521 -0.0403326 -0.0206682 0.0405254 -0.0200806 0.0238295 0.00685445 0.0250104 -0.0487009 0.0295636 -0.0206918 0.00455774 -0.0100885 -0.0366299 0.0423792 -0.0371399 0.0259362 -0.000995348 -0.0374372 0.0449503 0.0177599 0.0476281 -0.0346591 -0.0015257 0.03064 0.0253109 0.0404533 -0.0319398 0.00927976 0.0497676 -0.00832046 -0.024006 -0.0214329 -0.00511917 -0.0413015 0.00821623 0.0225433 0.0285193 -0.0122527 -0.0102183 -0.0223628 0.026171 -0.0353528 0.0187575 -0.0340391 -0.0251727 -0.0469807 -0.00120556 0.0476161 0.00382259 -0.00225397 0.0366542 -0.0217616 -0.00237153 0.0205103 -0.0364987 -0.0186367 0.0229664 0.0246472 -0.0423172 -0.0437665 -0.0295601 -0.0197922 -0.0173425 -0.0457015 0.039215 -0.0427948 -0.0209945 -0.0234725 0.0357436 -0.022163 -0.0156581 0.0461151 0.0173136 -0.0487755 0.0280332 -0.0489124 -0.0236468 0.0266267 0.0129099 -0.0373882 -0.033505 0.0447435 -0.0450362 0.0349024 -0.0248238 0.0482757 0.00434877 0.0149841 -0.0338113 0.0220294 -0.0387968 0.0395218 0.00767312 0.0294839 -0.00764984 -0.0297702 0.0409639 0.0256952 -0.0201102 -0.0396038 -0.00150038 -0.0143364 0.0119528 -0.0162786 0.00565389 -0.00786092 -0.0254991 0.0220176 0.00104283 0.00886462 -0.0305351 0.0319153 0.0199725 -0.00266113 -0.0355269 0.0154879 0.00187565 -0.0168094 -0.0204273 0.0397322 0.0146576 -0.0235551 0.00817599 -0.00116489 -0.0385094 -0.0487996 0.0296951 0.0192777 0.0119034 0.0445985 -0.0361173 0.00464455 0.0297452 -0.000816692 0.0155094 0.0488594 0.047784 0.00605154 0.0127489 0.0359741 0.0196529 0.00791337 -0.0315245 -0.0425973 -0.0109128 -0.0189359 -0.0306714 -0.041088 0.00835383 -0.0199298 0.0159939 -0.0279047 0.0436191 0.0417482 0.0305824 -0.00102409 -0.0288132 0.0257639 -0.0464629 0.0358267 -0.00127914 -0.0150163 -0.0414114 0.0257169 0.0352347 -0.0194603 -0.00151245 0.0194774 0.00070122 0.0452903 -0.00653947 0.02135 0.0206078 -0.0136234 -0.0166451 0.0166556 -0.0464046 -0.0361888 0.010677 0.00537397 0.0160752 0.00677471 0.0370332 -0.00111985 -0.0259009 -0.0424704 0.0023226 -0.0473038 -0.00262315 0.0439026 0.0438584 0.0324526 0.00318287 -0.0298304 0.00255667 -0.0354389 -0.0404171 -0.0462538 -0.00818599 0.0224377 0.0221002 -0.0241763 -0.0161859 0.0395723 -0.0496527 -0.00754868 -0.0126001 -0.0123038 0.0067021 0.0059003 0.00782625 -0.0399387 -0.00381873 0.00259965 -0.0191383 -0.030049 -0.00571512 -0.0216278 0.00742654 0.047767 0.042684 0.0140734 0.000719581 -0.00561002 -0.013931 -0.0415774 -0.0124726 -0.00780827 -0.00482452 0.0478517 -0.0442365 0.00110223 -0.0468533 0.0169214 -0.0408224 -0.0246898 0.0200097 -0.0175337 -0.00642538 -0.00161001 -0.0120156 0.0356251 -0.0302079 0.0455301 0.00549873 -0.00765453 -0.0279013 -0.0406778 -0.00964382 0.0464408 -0.0348199 -0.00802944 0.0430869 -0.0370705 0.0453795 0.00253242 -0.038045 -0.0482496 -0.0362112 -0.0359435 0.0253007 0.0120018 -0.0446067 -0.0394617 -0.00916122 -0.00797206 0.0115344 -0.0416671 -0.0409277 0.0297408 -0.0332634 0.00593299 0.0212923 -0.0392384 0.0488969 -0.00847591 -0.00636388 -0.0178433 0.0135028 -0.0364206 0.0350293 0.0299098 -0.0376033 -0.0492239 0.0219118 
neuron 1 bias 5.89918e-12
neuron 1 weights 0.0466427 -0.0461093 0.0393958 -0.0142768 -0.00292792 0.0317845 -0.0239649 0.0103168 -0.0336927 0.0341019 0.0350642 -0.0397674 0.0478042 -0.0225892 0.0406952 -0.0404094 -0.0215727 -0.0400515 -0.00785766 0.0130591 0.0486086 0.0415567 0.0435022 -0.00615726 0.0155078 0.0296474 0.0380869 0.0306274 -0.0321491 -3.3605e-05 -0.0365299 -0.0474929 0.00619512 -0.000381677 0.0171644 0.0293429 -0.00260246 -0.0191354 -0.0174256 0.0207788 0.0294879 -0.0298832 -0.0236166 -0.03383 0.00147744 0.0322159 0.0131952 0.00859635 0.0286971 -0.0184597 -0.00670194 -0.0226843 -0.0068941 -0.0268392 0.0259376 0.00945704 0.0101425 0.0190795 -0.0442307 0.00787646 0.0289713 -0.013508 -0.0201196 -0.0148201 -0.0287544 -0.0317783 0.0256336 0.0436646 0.0402284 -0.0472281 9.52015e-05 -0.0190667 0.0202851 -0.0348974 0.000892064 0.0434808 0.0199678 -0.0179594 -0.0445395 -0.0132343 -0.0368266 -0.00323301 0.033026 -0.0215837 0.016131 0.0200919 -0.012783 0.0354307 0.048479 -0.0304715 -0.0112562 -0.0221829 -0.0128859 0.0405234 -0.0191411 -0.0498266 -0.0125727 0.0414736 -0.0214951 -0.0177088 0.0483739 -0.0178007 0.00549434 -0.00453628 -0.0296907 -0.0352891 -0.0438184 -0.0363393 0.0305825 -0.0401297 -0.0432368 0.0117036 0.0352663 0.0396333 0.017388 0.0346403 -0.00353432 0.00178639 0.0202146 -0.0183136 -0.0412338 -0.0361967 -0.0396907 -0.0314082 0.0239664 -0.00646308 -0.0383706 -0.0106434 -0.0479868 0.0363461 -0.0170896 0.00956981 0.0260678 -0.0277351 -0.0391182 0.0437029 0.0144635 0.0413347 -0.0345475 -0.00201655 -0.0334919 0.00373343 -0.0136619 0.0498204 0.0348403 0.00359147 -0.0339721 0.00790801 0.0368899 0.0187238 -0.00207858 -0.0428039 0.0497504 -0.0446956 0.0487665 0.0246409 0.0378336 -0.0183441 -0.00284274 -0.0260863 0.0484487 -0.00353664 0.0352831 -0.0331933 0.00635524 -0.0251976 0.0384449 -0.000994542 0.0487708 -0.0251003 0.0279785 0.0223498 -0.0379433 -0.0150873 0.0467063 -0.0456471 -0.00779226 0.0367026 -0.0150935 -0.0411166 -0.00199606 -0.0478247 -0.0318433 0.00770262 0.0101902 0.0202833 0.0491805 0.0182982 0.0276043 -0.0295762 0.0017086 -0.0462965 0.0431876 -0.0359632 -0.0392967 -0.039519 0.0254183 0.0418255 -0.0339144 -0.00771164 -0.0122976 -0.0216018 -0.0333197 0.00472857 -0.0413422 -0.0400243 0.0499944 -0.0489824 -0.00927477 0.0236272 0.0181428 0.0289114 -0.00956301 0.038067 0.0274547 0.0397533 -0.0422932 -0.0100079 0.0169109 0.021447 0.043377 -0.00317285 0.00807333 -0.0417896 0.029013 0.00207786 -0.034087 0.0217909 0.0133278 -0.0204488 0.0298718 -0.0333717 -0.0468035 -0.012041 0.0228469 -0.0373496 0.0137475 0.0405444 0.0118505 -0.0389562 0.0345638 0.0430207 0.0484982 0.0401704 -0.0113998 0.0230567 -0.0367456 0.0392597 0.0244642 -0.0127601 -0.00945115 -0.00444732 0.0349927 0.0262695 0.0281742 -0.0467119 -0.0185617 0.00213773 -0.0227433 0.0065717 0.015011 -0.0294545 -0.0337184 -0.0152558 -0.0333601 0.0212516 -0.0395387 0.0272922 -0.0391441 0.0307614 0.0437182 0.0485282 -0.00507796 -0.0130342 -0.012246 0.00862943 -0.0299917 0.0302109 -0.0467596 0.0499665 -0.0417685 -0.0123809 -0.0412825 -0.0452424 -0.00996828 -0.0053367 -0.0138053 0.00212689 -0.000823946 0.0374527 -0.0408826 0.0345094 0.0237411 0.0353835 -0.0382418 0.00667231 0.00329208 -0.0183125 -0.0197018 -0.0349287 -0.0236517 -0.0311425 -0.0486033 0.0385198 -0.00355125 0.0260799 0.0417911 -0.00554756 0.0359005 -0.0301523 0.03534 0.0165602 -0.0386712 0.0495073 0.0125265 0.0400273 -0.0105184 -0.0336902 -0.0197122 -0.0438407 0.012135 0.00558703 0.0158816 -0.00371283 -0.0181647 0.0345062 -0.0434949 0.0211519 0.00829357 0.0444816 0.0123524 0.0237723 0.0172721 0.0172478 0.0404801 -0.0465427 0.020835 -0.0446351 0.00928297 -0.0165702 0.0434073 0.0206982 0.0460514 0.0362802 -0.0356031 -0.0491262 0.00921205 0.0233113 0.0127904 -0.0388815 -0.0151358 0.0265966 0.00678546 0.00387942 0.0292199 -0.0179786 -0.003202 0.0407724 -0.00810374 -0.030398 -0.0248278 -0.034549 -0.0296427 0.0219756 0.0313277 -0.0397639 -0.0339812 -0.00942237 0.0175963 0.0125329 0.0274591 -0.0158601 -0.037148 0.00520645 0.034691 -0.0382103 -0.0197319 0.0337695 0.0383441 0.0312121 -0.0238291 -0.00633189 0.0425504 0.0332432 0.0306354 -0.01254 -0.0412428 0.036314 -0.0188251 0.0452771 -0.031322 -0.0258747 0.0194789 0.0462623 -0.0183282 -0.0353532 -0.0235222 0.0390499 0.0320228 -0.0367064 -0.0184682 -0.0328039 0.00869212 -0.0433289 0.0220057 0.0463916 -0.0245678 0.000954331 0.032455 0.016607 -0.0243 -0.0126038 -0.00598715 -0.0449999 0.0196515 0.0312669 0.0450526 -0.0431151 -0.046808 -0.0483306 -0.0151972 -0.0125894 -0.0277084 0.0363068 0.0394178 -4.99753e-05 0.0280936 0.0257212 -0.0129924 -0.0225221 -0.0245495 0.0319014 -0.0425743 -0.0480033 0.0291849 -0.00566859 -0.0366629 -0.0409993 -0.0464849 -0.0354248 -0.0438787 -0.0188199 0.00762627 -0.00118005 0.0109962 0.00309857 0.0369527 -0.0205985 -0.0396432 0.0433103 -0.00750797 -0.0117465 0.042951 -0.0149865 0.0316073 0.02093 -0.0494656 0.0247562 0.00266371 -0.0402314 -0.0427658 0.0374046 0.0397132 0.0479572 -0.002164 -0.00977008 -0.00553142 0.0330996 0.0229367 -0.00988158 0.00602832 0.011659 0.0135828 -0.0155123 0.0303906 -0.0315205 -0.0125799 -0.0485631 -0.000795607 -0.0129521 -0.0295795 0.00347045 -0.046058 0.00144855 -0.0163008 0.0352904 -0.0128677 -0.0353836 0.0227038 -0.005606 -0.0392835 0.0403797 -0.0169851 -0.0342464 -0.033614 -0.00814593 -0.0290403 -0.0225809 -0.0375257 0.017331 0.0425849 0.0324443 -0.0462803 -0.0357092 0.0156094 0.00885116 -0.00287849 -0.0480307 0.0480675 -0.0357235 0.0171352 0.0499617 0.0343512 -0.0306121 -0.0129279 0.030938 0.0478171 -0.0427928 -0.0401844 -0.0467656 -0.0327186 -0.037171 -0.0377624 -0.0124704 0.0378403 0.0247049 -0.0227983 -0.0160149 -0.0490235 0.0126788 -0.0212309 -0.00911844 -0.0354783 0.0488778 0.0213949 -0.008397 -0.0455396 0.00888533 -0.0129441 0.0140132 -0.0138289 -0.0262355 0.0483104 -0.0391124 -0.0130733 -0.0169266 -0.0429694 0.0320883 -0.00165604 -0.0350141 -0.0236678 -0.0134149 -0.0241072 0.00600935 -0.0160358 -0.0378338 0.0059219 0.0244659 0.0498141 0.036291 0.0379761 0.0312898 -0.0334194 0.0401161 -0.0250441 -0.0450154 -0.0112658 -0.0258638 0.00465356 -0.0372436 -0.0327988 0.0103492 0.0194636 0.0186099 0.0244925 -0.0078503 0.0117691 0.0495065 -0.0270542 0.0491748 -0.0484196 0.0466533 -0.0451604 -0.0445114 -0.0030364 -0.0333436 0.0377752 0.00274146 -0.0126733 0.0465043 0.0012812 -0.00645776 -0.02375 0.0286153 0.00816073 0.0201144 -0.0259368 0.00479019 0.0199787 0.00845519 0.012336 -0.0194772 0.0403438 0.0163782 0.0198677 0.0053634 0.0202931 -0.0499727 -0.0101948 0.0251408 0.0183381 0.00252583 -0.0350009 0.00926852 -0.0436713 0.0201083 -0.00111777 -0.0296115 0.0236911 -0.0359036 0.0282179 -0.0252837 0.0397146 0.026009 -0.0344864 0.0137359 0.0216359 -0.0177597 -0.00508759 0.018357 0.0370762 -0.0353065 0.00143645 -0.0274249 0.0442806 -0.0275101 -0.00854413 -0.0479524 0.0196359 0.0410518 -0.0032375 -0.0304757 -0.0379761 -0.0351833 -0.00544093 0.014569 0.0353727 0.00169311 -0.0281184 0.0399697 0.0379096 -0.0445801 -0.0414236 0.0314287 0.0425971 0.0369919 0.0398075 0.00466254 0.0201263 -0.0158744 0.0341095 -0.0439578 -0.0330738 -0.00870544 -0.0195605 0.0454246 -0.00514315 0.0136667 0.0377469 -0.0198522 0.0065113 -0.0017884 -0.0225092 -0.0377692 -0.022905 -0.00791121 -0.00297651 0.00947723 -0.0184557 0.0329216 0.0217875 0.0458081 -0.0341097 0.0195692 0.0132686 0.0343104 0.0447087 0.0252924 -0.0278007 0.0288078 0.0466974 0.0169651 0.0253746 0.030288 0.0435656 0.0368679 0.038136 0.0350183 0.0266532 -0.0367736 -0.0308723 -0.0276721 0.0306193 0.0421748 0.00421342 -0.0369104 0.0255434 0.0409386 -0.025701 0.0225002 0.0160705 -0.0050979 -0.0114939 -0.00950846 -0.0429667 -0.000929528 0.0162161 -0.0139922 0.0202061 -0.029177 0.0464621 -0.0408579 0.00810484 0.00616081 -0.0421465 0.0239005 -0.0328369 -0.0118435 -0.00173613 -0.0460924 -0.00641789 -0.0101676 -0.0153047 -0.0150383 -0.0104975 0.0291579 0.030235 -0.0269926 0.0181726 0.000694693 -0.0432878 -0.00971456 0.0306119 0.0439321 0.0407988 0.00149734 -0.0130593 -0.00770766 -0.029341 0.0365065 -0.00870468 0.0171037 -0.0272984 0.0131543 -0.0419284 0.014627 -0.0146989 0.0286628 0.0458229 0.0420481 -0.0213094 -0.0179715 0.0126645 0.005601 0.0395461 0.0147013 -0.00777647 -0.0331124 -0.00398412 0.0378661 0.000496456 0.0119758 -0.0110105 -0.0100976 6.54723e-05 -0.0495511 0.023396 0.0213326 -0.0119963 -0.0499073 -0.0498271 -0.0496396 -0.042167 0.0462443 
neuron 2 bias -1.17181e-14
neuron 2 weights -7.2438e-05 -0.0266876 -0.0114718 -0.0374221 0.0109141 0.0276675 -0.026819 -0.0288398 -0.0348485 0.0340478 0.0201342 -0.00959208 0.0289821 -0.0244129 -0.0330791 -0.00629952 0.0491893 -0.0369972 0.0171065 -0.0117978 0.0491698 -0.0200043 -0.0486879 -0.0493066 0.0286203 -0.0489504 0.0499484 -0.0306512 -0.0383487 -0.0355166 -0.0181098 0.0120866 0.0127838 0.000951817 -0.0437551 -0.0242898 -0.0100867 -0.00548671 0.00370215 0.0436544 0.0233109 -0.0260569 0.0346105 0.02426 -0.00938031 0.045098 0.0216765 0.0187604 0.037538 0.048372 -0.0333961 0.00410216 0.0245407 0.0260948 0.0126014 0.0261842 0.00651511 0.00787014 0.0224511 0.0247546 0.0459657 -0.00426603 -0.0225238 -0.0352821 0.045007 -0.00272821 -0.0208527 -0.0194575 0.0230753 -0.0376116 0.0199119 -0.00382243 -0.00998276 -0.0189044 0.0169796 -0.0455029 -0.0192974 0.025772 0.0321815 0.0156435 0.0214055 0.00367543 -0.0347881 0.0286574 -0.0228951 0.0419892 -0.0432772 -0.00975837 -0.0441914 -0.0222558 -0.0248986 0.0055226 0.00997304 -0.0466868 0.000179385 -0.0278602 -0.0223299 0.034691 0.0187421 0.0221296 -0.0311314 -0.00285796 -0.000283856 0.00363942 0.0356082 0.0117554 -0.00802027 0.0375279 -0.00515175 0.0103348 -0.0374392 0.00888181 0.0247135 0.0349845 0.011545 0.0161859 0.0242883 0.0146385 0.0164755 0.025926 -0.0330641 0.00298775 0.0297358 0.0420024 -0.0445688 -0.00542057 -0.0290114 0.022985 0.0159318 -0.0439378 -0.0261632 -0.0219891 0.0492458 -0.037201 0.0219406 -0.00735639 -0.00519712 0.0241786 -0.0181421 0.0289339 -0.0131471 0.0471392 -0.039949 0.0492032 -0.0431204 -0.029491 0.0199706 -0.0198513 0.0122075 0.0136364 0.0294704 0.0225577 0.0445608 -0.0103495 -0.00316694 -0.0332738 -0.0301327 -0.03264 0.0326742 -0.0227135 -0.0265869 -0.000554381 -0.0259175 -0.0423974 0.0198354 0.0312157 -0.0302225 0.00621032 0.00369057 -0.041232 0.0483629 0.0406004 -0.00753698 -0.010701 -0.0446575 0.0303407 0.00117038 0.0489224 -0.0349203 -0.0243005 -0.00231709 0.0383439 0.0121425 -0.00557339 -0.0392791 0.0389191 0.0281507 -0.0226699 0.0170527 0.0221556 -0.00116173 -0.0222528 0.013682 -0.0427041 -0.00892327 -0.00717379 0.0406286 0.0468565 0.0464515 0.00710287 -0.0144695 0.0216576 0.0243633 0.0180103 -0.0125291 -0.0341734 -0.0171018 -0.0366139 0.0328965 -0.0409649 -0.0368003 0.00519818 0.0188094 0.0149132 -0.010505 0.0214333 0.00442865 0.00376231 0.0468996 -0.00263385 -0.0435052 0.0337724 -0.0188466 -0.0259043 0.0158054 0.0472516 0.0330274 0.0415842 0.0016114 0.0465226 0.00575379 -0.00247659 0.000401625 0.0134889 -0.0131296 0.00414051 0.0400351 0.00761894 -0.0275555 -0.000203057 -0.00853493 -0.0416307 -0.0161511 0.0188222 0.0237925 -0.0105541 0.00225003 -0.01998 0.0355418 -0.032754 -0.00221821 -0.0463552 -0.000601646 0.0258584 -0.0418335 -0.0393953 -0.00648028 -0.0479432 0.0189473 0.0341759 -0.0458245 -0.0318783 0.0397275 -0.0212655 -0.0206086 0.00744572 -0.00150438 -0.0110849 0.0157743 -0.0455294 0.0217467 0.00199595 -0.028827 0.00697797 -0.0355661 -0.0191606 -0.0363666 0.0117365 0.0217789 0.0163007 0.00525573 0.00279926 -0.0124092 0.00989685 -0.0154437 -0.0422845 -0.0305058 0.0159178 0.0285494 0.0445321 0.0014453 -0.0300607 0.00485034 -0.0202206 0.0265073 0.00443586 0.0398235 -0.0223207 -0.0194197 0.0062238 -0.0297132 0.0369683 0.0182583 0.0294999 -0.02444 0.0455044 -0.0278252 0.00648066 -0.00964428 0.000130488 -0.00507631 -0.0369228 -0.0474501 0.00318274 -0.0250482 0.0212154 -0.0202174 0.0443191 0.00461218 -0.0170849 0.0105258 -0.0333379 -0.00159367 0.0297423 0.0157798 0.0328229 0.0499501 -0.0466195 0.000884522 0.0280064 -0.00327756 0.0475755 -0.0490325 0.0191866 0.0403443 -0.0498068 -0.0421296 -0.0147977 0.00798112 0.000882615 -0.019188 -0.0471248 -0.0373989 -0.00671068 0.012677 0.0252594 -0.011428 0.0276645 0.0279664 -0.0448986 0.00880061 0.0218776 -0.00816645 0.0371312 -0.012205 0.0419835 -0.0159189 0.015567 -0.0347307 0.014236 0.00784745 -0.00863467 0.0427728 -0.0342861 -0.0449886 -0.0118426 0.0106258 0.0062701 0.0389243 -0.00893966 0.000275472 0.00651014 -0.0307637 -0.014373 -0.00850496 0.035122 -0.042805 -0.0383024 -0.00233058 -0.0132735 -0.00169562 0.0256768 -0.0124992 -0.032496 -0.0112777 -0.0351531 0.0359994 0.0485213 -0.0350828 -0.0345925 -0.017112 -0.0103913 0.00780276 0.0397639 0.00571921 -0.0394063 0.0362567 0.0210625 0.0199371 -0.00348968 -0.0117207 0.0473603 -0.00683962 0.0322794 -0.0459529 -0.0171683 0.0164634 0.0203746 0.0438455 0.012452 -0.0271439 -0.0251241 0.00139202 -0.0435182 0.0416919 0.0408811 0.0156167 0.0294414 -0.0111894 -0.0415327 -0.0497268 -0.00644189 -0.0245694 0.0305449 0.0206155 0.0463169 0.00949724 0.0313066 0.0160013 -0.0056471 -0.0298451 -0.0194264 -0.0202939 -0.0453424 0.0262682 -0.0483273 0.0243439 -0.00592455 -0.0333308 0.0134868 -0.0134325 0.00738983 -0.0466433 -0.0425499 -0.00616092 0.0472272 0.0361907 0.0251808 0.000423455 -0.00737309 0.0302855 -0.0238035 -0.040704 -0.0148169 -0.00823257 0.0483403 0.0405353 -0.0132703 0.0327642 0.0170189 0.0398697 -0.0208554 -0.0333734 0.0499302 -0.0434311 0.0116754 0.046205 0.0347413 0.0129868 0.00269176 0.0237021 -0.0267978 -0.00166437 0.0206344 0.0059646 -0.0152817 0.00327878 -0.0143049 -0.0289657 -0.0306726 -0.0341383 -0.022401 -0.000209576 0.0449928 0.0250426 0.0127681 0.0434234 0.0306291 -0.0489078 0.0053467 0.00396233 0.0391657 -0.02111 0.0495872 -0.0451992 -0.0381445 0.03287 0.0310129 0.0295589 -0.0214306 0.0218544 -0.00880353 -0.0146938 0.00245743 -0.0246491 -0.00886616 -0.0445289 -0.00228397 0.0145221 -0.0412647 -0.0358003 -0.00753277 -0.0288821 -0.014606 0.0281118 -0.0487486 -0.037482 0.0107472 -0.0137763 0.0438707 0.00509633 -0.023281 0.0169051 -0.00133295 -0.00691136 -0.030934 0.00301312 -0.00342483 -0.0263169 -0.0474349 -0.0425259 -0.0184949 -0.0471838 0.0247476 -0.0487375 0.0301859 -0.00420989 0.0414361 -0.00476095 -0.0283761 0.0156672 -0.0412768 -0.0472306 0.0494003 -0.00879162 0.0102066 0.0201944 -0.0377743 -0.0454634 -0.000838868 -0.0388259 0.0431064 -0.0286274 0.0452836 0.0434455 -0.0381309 0.0134145 -0.00453144 -0.0180561 -0.0196509 -0.0236471 -0.0164455 0.0432776 -0.0370905 -0.0087693 0.0417503 -0.0012172 -0.0329266 -0.0176361 0.00347991 0.0255684 -0.0251949 0.0449767 -0.00859477 -0.0249711 0.0112978 0.0388269 0.00544011 -0.0252806 -0.0405362 0.0173105 -0.0400492 -0.0426861 0.0187358 -0.0374088 -0.0386503 0.0346662 0.01271 -0.0270773 0.00169419 -0.0264593 0.0114352 -0.0225187 -0.00964775 0.041036 -0.00748416 0.0115077 -0.0474566 -0.0201569 0.0369857 -0.0405878 0.0124034 -0.0138121 0.0327591 0.039648 -0.0434043 -0.00991132 -0.027255 -0.00855519 -0.034895 0.0234422 0.0399791 -0.0385085 -0.0426909 -0.0418922 -0.036858 0.00500866 0.0298142 0.000798244 0.0410741 0.0254943 -0.0270317 -0.0035396 -0.027823 0.0204355 0.0443311 -0.0176041 0.0208823 -0.0457616 -0.0169595 0.0153765 0.0309262 -0.0404375 -0.0184481 -0.0346754 -0.0463865 -0.00223649 0.00831343 -0.0289484 -0.0143116 -0.0332641 0.0342169 -0.00320068 0.024741 -0.0404911 -0.0106494 0.0341016 0.0359533 0.0448543 0.0430982 0.0387118 -0.0169223 0.0441567 0.00108672 0.00255559 -0.016713 -0.023187 0.0129252 0.0325165 -0.0389395 -0.0337598 -0.0271455 0.00504925 -0.0079408 -0.0227836 -0.00973315 0.02863 -0.0191837 0.0297947 0.0286306 -0.0147159 0.0363242 -0.038009 0.0155351 0.0220889 0.0144575 -0.0496037 0.0386286 -0.0249155 0.0433078 0.0113714 -0.0190043 0.0216428 0.0122282 -0.0452363 0.00908951 0.0114796 -0.0175124 -0.0185242 0.00511765 -0.0197942 -0.00260266 0.0226641 0.0282771 -0.00697995 0.0198866 -0.01082 0.0167398 0.0272799 0.0267324 0.0489759 0.0100684 0.0346494 0.0129998 -0.0417723 0.0453844 -0.00342596 0.0459592 0.0448676 -0.0283061 0.0342538 -0.00115407 -0.00331788 0.0350119 0.0403123 -0.028463 -0.0186975 0.0339659 0.0294675 -0.00330662 0.0134323 -0.0167263 0.0421439 -0.00402577 0.000791689 0.0390158 0.0336204 0.0307261 -0.0237706 -0.0328141 0.0360894 0.0122078 -0.00421039 -0.0145139 -0.0359557 -0.0388061 0.04844 -0.00125935 -0.0028275 0.043794 0.0438822 0.0338972 -0.0124525 0.000732384 0.0264989 -0.00732884 0.00991702 0.00877671 -0.0370117 -0.022156 -0.02248 -0.0071497 0.0339078 -0.0152391 -0.024477 -0.0373824 0.00761726 0.00983431 -0.0168616 0.0241488 -0.0410331 -0.00813452 0.0233888 -0.0119783 0.00291382 0.0486712 -0.0452182 0.0469098 0.0254616 0.0231849 0.0168906 -0.0299597 -0.0357727 -0.0459229 -0.0439943 0.043975 -0.0283338 -0.00372353 0.0227261 -0.0362278 -0.032953 -0.032722 -0.0426784 0.0313719 
neuron 3 bias 0
neuron 3 weights 0.0184208 -0.0269784 -5.33421e-06 -0.029144 -0.0396531 -0.0272095 0.0298212 -0.015076 -0.0235023 0.0486739 0.00857793 -0.0268706 0.0245494 0.0481478 -0.0284693 -0.00595078 0.0289212 0.00979955 -0.00967171 0.0147816 0.0198958 -0.0244348 0.0423383 -0.0161416 0.00296917 0.0341288 0.0165508 0.00699977 -0.00240676 0.0290218 0.0251479 0.0264313 -0.0139927 0.0111575 0.0215077 -0.0206556 0.0418696 -0.0469583 0.00565328 0.026821 -0.0186162 0.0352305 0.0296683 -0.00604028 -0.0094695 0.00853142 0.016585 -0.0275798 -0.0333216 0.016966 0.00462294 0.0409746 0.0189922 0.0490029 0.0432927 -0.0217643 0.039188 -0.00586873 -0.00485619 -0.0313221 0.0239126 0.0271692 -0.00458417 0.042982 -0.0448457 -0.00173695 0.00434071 0.0395872 0.00802203 0.0165468 -0.0239632 0.0483861 -0.0428007 -0.0161147 -0.0188399 -0.0424489 -0.0477538 -0.0171751 -0.0137845 -0.0399907 -0.0474371 -0.0324306 -0.0458404 -0.0491387 -0.0159428 0.012139 -0.0464859 0.0307383 0.0235804 -0.0287247 0.0342751 0.0114705 -0.022005 -0.0284265 -0.0262777 -0.0179696 -0.04287 0.0108414 -0.0124515 0.0490017 0.0366515 -0.0498851 0.0463135 0.0297755 0.00252215 0.0180063 0.0311814 0.0226209 0.0373105 0.0438691 -0.0490271 0.0361142 -0.023588 -0.0386591 0.048724 0.0130785 0.00816262 0.0414401 -0.00291072 0.00589684 0.0060502 0.00389272 0.0439984 0.00231002 -0.0315009 0.0401796 -0.0404843 -0.0106915 -0.0468237 0.0370325 0.00930962 0.0109042 0.017527 0.0348518 0.0226867 0.03243 -0.0421479 -0.0230216 -0.0279824 0.00410603 0.0460616 0.042265 0.0383458 -0.0351586 -0.0457574 0.0389459 0.0201818 0.0421674 -0.00418323 -0.0190055 0.0227578 0.026995 -0.0185979 -0.0132848 0.0214999 -0.00133806 0.0318987 -0.0447166 0.0318874 -0.0211167 0.0332128 0.00566092 -0.00879201 0.0207815 -0.0488054 0.0114069 -0.0323575 -0.0462508 -0.0404005 -0.0354305 0.0407077 0.0337065 -0.0197237 0.0383459 0.0370736 -0.0408739 -0.0200203 0.0398369 -0.0274406 -4.21506e-05 -0.0028306 0.0351423 0.0425553 -0.0149508 0.00359737 0.00365021 -0.00358654 -0.00882314 -0.0123986 0.0264558 -0.0265191 0.0172185 0.000652997 0.0159982 0.0160289 0.0350999 -0.00373486 -0.00206962 -0.0114949 -0.0421798 0.0357397 0.0237135 -0.0322539 0.0414177 -0.000156768 0.0227641 -0.00977107 0.0149147 0.0395922 0.0135293 -0.0436925 0.0447127 0.00918749 -0.0338759 0.0196016 0.0220563 -0.0480611 0.0276194 0.000819675 -0.037477 0.0140899 -0.0149961 -0.0119159 -0.0440641 -0.0227088 0.0444634 -0.0310548 0.00998734 -0.0310853 -0.0290999 -0.0113997 0.0238268 -0.0209767 0.0195011 0.0375771 -0.0249653 0.037784 0.0359861 -0.00742104 0.0494161 0.0389375 0.0466393 0.0249891 -0.0471837 0.0167776 0.0218504 -0.0208232 -0.0475788 -0.0257766 0.0111705 -0.0463684 -0.0208969 -0.0311254 0.0469401 0.00996424 -0.0374523 -0.0279669 0.0271855 0.0330156 0.0338224 0.015982 0.00950982 0.0152991 -0.0347599 -0.00411771 0.00580898 0.0489112 0.0257949 -0.00818442 -0.00395707 0.00205756 0.00598748 0.0413638 -0.0311485 0.0198077 0.0330822 0.0422776 -0.0365905 -0.0399647 -0.0472218 -0.0445532 -0.0271499 -0.00267586 -0.00984132 0.0396985 0.00957512 0.0208659 -0.00359635 0.0445293 0.0473998 0.00228064 -0.0460603 0.0255278 0.000960952 0.0191438 -0.0202425 -0.0342313 -0.0276497 -0.0171054 0.0445104 -0.0367335 -0.0044326 0.0467461 -0.0275094 -0.0376619 -0.0359908 0.0400895 -0.0193767 -0.0430114 0.0438011 -0.00551742 -0.000856914 0.0144528 -0.0436962 -0.00772444 -0.00688792 0.028975 0.0313648 -0.0384603 -0.0156444 0.00242772 0.00338356 -0.00404939 0.0322983 -0.0441104 -0.041644 -0.0341431 0.0473119 0.011013 0.0104882 0.0266003 0.0104576 -0.0141049 0.0154424 0.00296895 -0.0195593 -0.0141211 -0.0151344 -0.0182466 -0.019552 -0.00924035 0.0169697 -0.0430822 0.0047147 0.0268894 -0.00358346 0.0199089 0.0368237 -0.00128116 0.0257201 0.0125403 -0.0467234 0.0421021 -1.72819e-05 -0.0112763 -0.0112093 -0.00548798 0.0141087 0.0128445 0.0180604 -0.0118616 0.00342064 0.0456304 -0.0421291 0.044348 0.0383891 -0.0276558 0.0147348 0.0230939 -0.00674327 -0.0462251 0.0139384 0.0367617 -0.0415006 -0.0123851 0.0335211 0.00577054 0.018634 0.0283622 0.0103663 0.0478007 0.00714046 0.0222375 -0.0329843 -0.0347806 0.0460716 -0.0476414 -0.0134987 -0.00814576 0.0254408 -0.0177173 0.0128363 0.0192236 -0.000947656 0.0497353 0.00402659 0.00901828 0.0213013 -0.0300646 -0.0300319 -0.0155942 0.00054747 -0.00979106 0.0251323 -0.0280008 -0.0318945 -0.0363545 0.0247221 -0.0478461 0.0109801 -0.0424048 0.0129691 -0.0420489 0.0346719 0.00470089 -0.0310287 -0.0466233 -0.0407917 0.0252473 0.00737276 -0.0340897 -0.0410747 -0.00253143 -0.0158662 -0.000446375 -0.0421 0.0119378 0.01365 -0.0482883 -0.0495046 -0.0451099 0.0135761 0.00463745 -0.0142228 0.0148358 -0.0388441 -0.0499782 -0.0204246 0.0262688 -0.00535936 -0.0257775 -0.010785 0.0168776 -0.0382342 -0.0486828 0.0276005 -0.0482962 -0.0388327 0.0226605 0.0201896 0.0115313 -0.0297115 0.00348259 -0.00607488 -0.0112483 -0.0319383 0.0309432 -0.037918 0.0110359 0.0493273 0.0409315 0.038381 -0.0219601 -0.029911 -0.00706784 -0.0162711 0.00584794 -0.0399467 -0.0184872 -0.0230508 -0.00392214 -0.0121058 -0.0452199 0.0199214 0.0342691 0.0400405 0.0120475 -0.0277362 -0.0292545 0.0365212 -0.0437935 0.0489631 -0.00924174 -0.0112891 0.0215893 -0.0157005 -0.0042119 -0.00114331 -0.0485473 0.0477751 0.021828 0.0217993 -0.017177 -0.0160581 -0.00330818 0.0111029 0.0493083 0.0238632 -0.00527128 0.0206645 0.0271272 0.0285266 0.00334706 0.0462137 0.0398956 0.0451691 0.0227626 -0.0418773 0.00787543 0.0448567 0.0347073 -0.0466497 0.0411609 -0.00878363 0.0350713 -0.0360926 0.0347364 0.0200606 -0.042894 -0.0155539 -0.0324692 -0.0207 -0.0207354 -0.0148448 0.0236198 0.0308239 -0.030423 0.00803425 0.0160111 0.044242 0.0443242 -0.0250388 -0.0359452 -0.0179892 0.0367519 0.034964 0.0243856 0.0256083 -0.0150781 -0.0264705 0.00744276 0.0183512 0.0192717 0.0084848 0.00203236 -0.0385963 0.0365488 -0.0473614 0.0462912 0.0358257 -0.0398351 -0.0413586 -0.0322782 -0.00362332 -0.0420449 -0.0261276 0.0426548 -0.0298534 -0.0278401 0.0450366 0.0376064 0.0459094 0.0342401 -0.00729955 0.0386464 0.00636637 -0.00946027 -0.0220038 -0.0270408 -0.00702433 0.0169702 -0.0456708 0.00662262 0.0159174 0.0190419 -0.0420947 0.0267591 -0.00132905 0.0497519 0.0312282 -0.0318008 0.0265923 0.0203733 -0.0107011 -0.0428015 0.00718148 0.0496414 0.00992851 -0.0495731 0.0330934 -0.0400332 -0.0452673 -0.00511215 0.000120024 -0.0217946 0.0318445 -0.0131437 -0.022866 0.0447123 0.0331704 0.0453535 0.0283365 0.0216952 0.0169925 0.0114851 -0.0301129 -0.0346188 0.0245454 0.0408204 -0.00176737 -0.0227947 0.0121917 0.0257122 0.0182437 -0.00281532 -0.04434 0.0366419 0.0339302 0.0235622 0.0479753 -0.0121334 0.0401026 0.000239554 0.0433578 -0.0388134 -0.00572643 0.0329219 -0.00506924 0.0288323 -0.00636154 -0.0397889 -0.0194457 -0.00616609 -0.0227427 -0.00594391 -0.0145311 0.00621589 0.00970985 0.0171162 0.0416155 -0.0298062 -0.00516111 0.029293 0.0246418 0.0442297 -0.0435141 0.017587 0.0239524 0.0177305 -0.00727748 -0.00531248 0.0190334 -0.00543455 -0.0411837 0.027275 -0.00918374 -0.0387364 -0.00298041 0.0135875 -0.00868995 0.00369155 0.0425829 0.0272825 0.0471956 -0.0335607 -0.00421502 0.00648441 -0.0205102 0.0354332 -0.00323843 -0.0247691 -0.0267817 0.0149745 0.023216 -0.0193331 0.0169704 -0.000826058 -0.00200944 -0.016412 -0.0128041 -0.0490617 -0.022982 0.00188202 0.0306395 -0.0372759 -0.0111695 -0.0151963 -0.0196706 0.045164 -0.0248378 -0.0235909 0.011721 0.0177707 0.0341031 -0.0367285 0.000739417 0.0330384 -0.0383608 -0.0412457 -0.0205121 0.00346855 -0.0132707 0.044003 0.0122365 0.0466177 -0.049866 0.0267587 -0.0415707 0.000359938 0.0140801 0.0167069 -0.0228726 0.0425346 -0.0324567 0.0118097 0.0205343 -0.0251678 0.0230508 -0.0166495 -0.0278398 0.018105 0.0351229 0.00427295 0.0290525 0.0322777 0.03034 -0.0331625 0.04608 -0.0266724 0.00142154 -0.0167665 0.0244546 -0.0277673 0.0293542 -0.0313004 0.0167941 0.0438898 0.00871767 0.0410703 0.0049162 0.0370372 0.0249375 0.0079375 -0.0107057 0.0400772 0.0204238 -0.00992487 -0.0120867 -0.0285132 -0.0375372 -0.0239894 0.0497819 -0.0125883 -0.00847256 0.0144963 -0.034675 -0.0254116 -0.0489092 -0.0120251 0.0360865 0.00902531 0.0296129 -0.0447217 -0.00128844 0.0164617 -0.00835703 0.0222381 -0.0352992 -0.0130838 -0.0337471 0.0342791 0.0179031 -0.0252495 0.0110987 -0.0452298 -0.0121453 0.0296842 0.00984781 -0.0272976 -0.00578728 0.0443721 -0.0413576 0.0250013 -0.041191 
neuron 4 bias 0
neuron 4 weights 0.0336671 0.0173985 -0.0356113 0.000353133 0.044106 0.0498257 0.039649 -0.00733302 -0.0283242 0.0183696 -0.0379407 -0.0187046 -0.0153533 0.0254142 -0.0391769 -0.0439825 0.0361461 0.036758 0.0168413 -0.046429 0.0411013 -0.0311538 -0.032815 0.0276952 0.0385598 0.0107981 0.0349602 0.0443347 0.000949421 0.0259162 -0.00781549 -0.00499584 -0.0349494 -0.0170819 0.0245881 0.027921 0.0272916 0.0166183 0.0177568 0.00173237 -0.0201661 0.00885802 0.00702253 0.0212069 0.0386323 -0.0394386 -0.0145674 0.0163864 -0.0346404 0.0363577 0.0350249 -0.0132286 0.0426835 0.0274184 -0.0471727 0.020927 -0.0415813 0.0480207 -0.0117709 0.0335564 -0.0400251 -0.0156294 0.046555 -0.00286779 -0.039337 0.0201672 -0.0275008 0.000490839 0.0307615 0.0278682 0.0225299 0.013803 -0.00214503 -0.029029 0.000634853 0.0113123 0.0202664 0.00241969 -0.0344552 0.0131091 0.0192247 0.0301431 -0.011685 0.0476842 0.0160726 -0.0150393 0.0251611 -0.0391823 0.00862428 -0.0047441 0.00384908 0.0103916 -0.0198706 -0.0478917 -0.0326282 -0.048382 0.0144946 0.0430839 -0.0320375 0.0481567 0.0484164 -0.0270923 -0.0207161 0.0263558 0.0292501 -0.000802253 0.00024712 -0.0415143 0.00293913 -0.0028623 0.0202833 -0.0115461 0.0202247 0.0497027 0.0477961 -0.0168731 0.0274648 -0.00323604 -0.0219484 0.0326124 0.0460353 -0.019199 0.0385172 -0.0277606 0.0479457 -0.00639663 0.00119381 -0.042964 0.0459384 -0.036861 -0.0403209 0.0199566 0.0375093 0.0463006 0.0120777 0.0157447 -0.0462808 0.030716 -0.000722201 0.0262323 0.00497471 0.00605681 -0.0206902 -0.0365853 0.000161513 0.0135701 -0.0102785 0.0366844 0.00649747 -0.0189287 0.0122834 0.0124124 0.0179597 -0.0209697 0.0208194 -0.0266916 0.0419956 -0.00641652 0.0106602 0.0307083 0.0245268 0.0417674 0.0291373 0.0157596 -0.0359904 -0.0221838 0.0234609 0.0457091 -0.000574625 -0.00580475 -0.0228156 0.0269162 -0.0202978 0.0323219 0.0186892 0.00136168 0.0354664 0.0102785 -0.0405028 0.000299849 0.0145682 -0.00774138 -0.00442562 0.000931104 0.0385627 -0.000740845 -0.0405666 -0.0246985 -0.0385904 0.0201661 -0.0405974 0.0169653 -0.025353 0.040857 0.0428417 0.0217824 -0.0127599 -0.0138842 -0.0464402 0.0480174 0.0481919 0.0020122 -0.0248157 0.0258517 0.0409542 0.0125496 -0.0491254 0.0412528 -0.010454 -0.038231 0.00620506 0.0252343 -0.00763013 -0.0477645 0.00988906 -0.00999661 0.0132066 -0.0438585 -0.0463415 0.04714 0.0358775 0.0116861 -0.0162224 0.0296237 0.034844 -0.0485731 -0.00866608 0.0418337 -0.0150741 0.0341268 0.00317611 0.0265038 -0.00603244 0.0238856 0.0466337 -0.0470792 -0.0478281 0.0147926 0.00995338 0.0427165 0.00275157 -0.026448 -0.0192693 0.0155833 0.0141873 0.0440225 -0.00990654 0.0448342 0.0271479 0.0149138 0.00175296 -0.0217559 -0.0454404 -0.00768168 -0.0383953 -0.0418938 0.00440386 -0.0352901 -0.0267902 -0.00238698 -0.0128042 -0.0260011 -0.0266964 0.0414498 0.0200529 -0.0298678 0.00505065 0.0204234 0.0144653 0.0405601 -0.0196762 0.0133817 -0.0143903 -0.0196136 -0.0441038 -0.0109954 0.0335653 0.0295106 0.000448471 -0.0382507 -0.00747116 -0.00812323 -0.0154767 0.0473435 0.0304337 -0.00993432 0.0490689 0.0279869 0.0370557 -0.00536664 0.00259613 0.0351203 -0.034732 -0.00633537 -0.026003 -0.0212146 -0.0325183 0.00383222 -0.0406565 0.025646 -0.0126719 0.0409548 0.0363799 -0.0472734 -0.0418533 -0.0492453 -0.00388723 0.0407392 0.0437184 -0.00224887 0.0490312 0.00361776 -0.00982825 0.0247039 -0.0458984 0.0172898 -0.0426105 0.0183791 0.00920192 -0.00485616 0.0271874 -0.00343236 -0.0126897 0.00655865 -8.90312e-05 -0.0164635 -0.0396695 0.00695329 0.0302099 0.0482028 0.0093416 -0.0125927 0.0145245 -0.0174897 0.0147737 -0.00258272 0.0233854 0.0410751 -0.0305045 0.00298719 -0.0382003 -0.00979171 0.0172944 0.0366927 -0.00618419 0.045737 -0.0059619 -0.0353611 0.0387173 0.00775372 -0.0054902 0.026797 0.0293609 0.0443571 0.0399311 -0.0175892 0.00499774 -0.01564 0.00736526 -0.00848758 -0.036424 0.0330398 -0.0494724 -0.0390664 0.0190253 0.0192074 0.037951 -0.017636 -0.0206774 -0.0447798 -7.31428e-05 0.00407486 -0.0136599 -0.0427013 0.0234082 0.028614 -0.0102184 0.0163919 0.0302144 0.0338068 -0.0325018 0.0471697 0.00849148 -0.0115862 0.0328301 -0.0167056 -0.0251609 0.0383011 0.0483613 -0.0221142 0.0354431 0.0343413 -0.031705 -0.0129732 -0.00682712 0.00786761 0.0165724 -0.0133852 -0.0365789 -0.0232859 0.0172676 -0.00767033 -0.0204813 -0.0362161 -0.00399356 0.0229202 0.044303 -0.0450509 0.0357274 0.0257105 -0.0396582 0.0382228 0.0289175 -0.0234714 0.0238565 0.0413894 -0.0128219 0.0435763 0.0365247 0.0362806 -0.0231909 0.0223519 -0.0222877 0.034037 -0.00273966 -0.0387061 -0.0283803 -0.000593545 0.000879665 0.0397234 0.0143559 0.00793884 -0.0044253 0.0194693 0.0378082 -0.0431369 0.000278442 -0.0383952 -0.0391364 -0.00184789 0.0444237 -0.00854478 -0.0405707 -0.0237589 0.0278596 0.0134536 0.0143137 -0.0255267 -0.0164986 0.0484541 -0.000897781 0.00384293 0.0120163 0.0230531 0.0193042 0.0368279 -0.049237 0.0130105 -0.0196294 0.0251738 -0.0194451 -0.017078 -0.0416782 -0.0373473 -0.0369887 0.0221462 0.0291569 0.0431534 -0.00695665 -0.0454997 0.0261306 0.0266184 -0.00568277 0.0394347 0.036946 0.0371105 0.0310804 0.0147137 0.0436923 0.045865 0.0314284 0.0209629 -0.0374642 0.0387696 0.0448438 0.0437356 -0.0441411 -0.021773 -0.0246395 0.00122293 -0.0387187 -0.0470176 -0.0309064 -0.00911677 -0.0320731 0.0140297 0.00728392 -0.0121873 0.0149329 -0.00542808 0.0173133 0.0400094 -0.0183978 0.0478129 0.00433882 0.0125185 -0.00316316 -0.0168891 -0.0499043 -0.0345823 -0.0456521 0.0146532 0.0287384 0.0175171 0.0464803 -0.00785542 -0.0147747 -0.0475008 -0.0239293 0.0483621 0.0430287 -0.00165154 -0.0477795 0.0379098 0.047886 -0.00625773 -0.0193448 0.00485998 -0.00718238 0.0420925 0.00494272 -0.0182964 -0.0267315 -0.0440796 -0.0405524 -0.0411339 -0.0257551 0.0133267 -0.0407408 -0.0282918 -0.0251184 0.00650601 0.0347826 0.00551823 0.00567207 -0.0263694 0.0413163 -0.0167656 0.0258359 0.0119447 0.0188996 -0.00536022 -0.0126475 -0.0313697 0.0280531 0.0277207 -0.0494507 0.00561328 -0.0155331 0.0232915 0.0219922 -0.0127274 -0.00819544 -0.0164062 -0.0113804 -0.0449072 0.00464489 -0.00204708 -0.0191524 -0.00232999 -0.0247967 -0.0299489 -0.0143412 -0.00540024 -0.0285476 0.0358176 -0.0104556 -0.00202174 -0.0387017 -0.00421987 0.0376353 0.03536 0.0200919 -0.00234555 0.015209 -0.0304555 -0.00851024 0.0293662 0.00915768 0.0269412 0.0274308 -0.0187022 0.0446071 0.0178434 0.00986098 -0.0460441 -0.00976547 0.0327608 -0.010067 0.0341652 -0.034856 0.0372586 -0.0152058 -0.0139754 -0.0094835 -0.0233565 -0.0147781 -0.0163171 -0.0430653 -0.0483643 0.0437637 0.0109072 0.0405685 0.00104627 -0.036242 -0.0283404 0.0465507 0.00130942 0.0489001 -0.0254808 0.0431834 0.0287344 -0.0246511 0.0177965 -0.033288 0.0342914 0.0127937 0.0140601 -0.0354186 -0.0141958 -0.0103586 0.0373179 -0.0035443 0.044688 0.0262 -0.00283438 0.0497661 -0.0177494 -0.0243772 0.000476522 -0.0411909 0.0332388 -0.010002 -0.0184946 0.0326839 -0.0493482 0.0394838 0.0145466 0.0398486 -0.00193658 0.0292524 -0.00275185 -0.0408697 -0.0362115 0.0411373 0.0283325 -0.0194646 -0.0102544 -0.0139993 -0.0272489 -0.00138906 -0.0154633 0.0123568 -0.00691004 0.040451 0.00376122 0.00014804 -0.046909 0.0316892 0.0255297 -0.0312829 0.00393913 -0.041178 0.0338876 0.0240367 -0.038471 0.0189716 -0.0267104 -0.00268394 0.0436618 0.010435 0.00285773 0.022421 -0.0387675 0.0465069 0.0145375 -0.0201898 0.00486299 -0.0468937 0.027576 -0.0337151 0.00561002 0.0473627 0.00608996 0.011498 -0.0293699 -0.0108864 -0.0251984 0.0236241 0.0315184 -0.00921708 -0.0385203 -0.0238142 0.0434684 0.0458118 -0.00654054 0.0130678 -0.0217308 -0.0476056 0.0117736 0.0437601 -0.0423722 -0.00866992 0.0432448 -0.0249628 -0.0428177 -0.0270677 0.0265301 -0.0110828 -0.000129357 -0.0376218 -0.0377003 -0.00410195 0.0235951 0.0489947 0.0186086 0.0128371 -0.0424605 0.0340677 -0.0202863 -0.0222708 -0.00666451 -0.00785386 -0.0371283 0.0156844 -0.0215547 0.000783258 0.0338882 -0.0414802 -0.0312259 0.0379829 -0.0448582 0.0152124 0.0100928 -0.0319832 0.0328856 -0.0446483 0.0135878 0.0367533 0.0019215 -0.00443006 -0.0328031 0.00271528 -0.00589226 0.0416247 0.0075467 0.0043797 -0.0259664 0.0196762 0.0461641 -0.0360908 -0.00108887 0.0321224 0.0103297 -0.0306718 -0.036981 -0.035386 0.0452358 -0.0196274 0.00900753 0.0318797 0.0388151 -0.0300615 0.0141469 0.0443643 -0.0474191 0.0244966 -0.00352255 -0.0102222 -0.00165432 -0.0402226 0.0292537 -0.0318289 0.0161806 

end layer

def layer
neurons 10

neuron 0 bias -4.09182e-08
neuron 0 weights 0.0184739 -0.0466833 -0.0470995 0.0336448 -0.0420085 
neuron 1 bias -1.36942
neuron 1 weights -1.40907 -1.41588 0.00934956 -1.37817 -1.3605 
neuron 2 bias -1.41461e-10
neuron 2 weights -0.0243709 0.00685548 0.0235469 0.0148424 -0.0435094 
neuron 3 bias -2.38504
neuron 3 weights -2.34328 -2.38558 0.0355911 -2.36914 -2.39213 
neuron 4 bias -2.75659e-09
neuron 4 weights 0.0131295 -0.00273894 0.0271913 -0.0387446 -0.0212034 
neuron 5 bias 1.78453e-21
neuron 5 weights 0.0285099 0.0321858 -0.0101835 -0.0292177 -0.0300649 
neuron 6 bias 0
neuron 6 weights -0.0350486 0.0412894 0.0421718 -0.00683626 -0.0451842 
neuron 7 bias 0
neuron 7 weights 0.0427789 0.0465198 -0.0272974 0.0329823 -0.0449047 
neuron 8 bias -1.07683e-27
neuron 8 weights -0.0124624 -0.0481129 -0.0419084 0.0404588 -0.0202658 
neuron 9 bias -0.00288513
neuron 9 weights -0.0302018 -0.0196892 0.0194973 0.0469398 -0.0438619 

end layer

